GEO_ID_2,GEO_ID,MSA,HH_TOT,HH_FAMILY,HH_MAR_FAM,HH_OTHER_FAM,HH_MALE_FAM,HH_FEMALE_FAM,HH_NON_FAMILY,HH_LIVING_ALONE,HH_NOT_LIVING_ALONE
10180,310M200US10180,"Abilene, TX Metro Area",60238,39448,29380,10068,2663,7405,20790,16914,3876
10420,310M200US10420,"Akron, OH Metro Area",281957,178180,130090,48090,11666,36424,103777,85335,18442
10500,310M200US10500,"Albany, GA Metro Area",57997,38646,23291,15355,3101,12254,19351,16751,2600
10540,310M200US10540,"Albany, OR Metro Area",45100,30709,23365,7344,2030,5314,14391,11144,3247
10580,310M200US10580,"Albany-Schenectady-Troy, NY Metro Area",345988,208866,157850,51016,13591,37425,137122,110091,27031
10740,310M200US10740,"Albuquerque, NM Metro Area",343434,217748,150186,67562,20462,47100,125686,103386,22300
10780,310M200US10780,"Alexandria, LA Metro Area",54871,36598,25016,11582,2692,8890,18273,16077,2196
10900,310M200US10900,"Allentown-Bethlehem-Easton, PA-NJ Metro Area",314305,214409,162317,52092,14156,37936,99896,81216,18680
11020,310M200US11020,"Altoona, PA Metro Area",51034,32758,24900,7858,2213,5645,18276,15668,2608
11100,310M200US11100,"Amarillo, TX Metro Area",95644,63764,46503,17261,4226,13035,31880,26326,5554
11180,310M200US11180,"Ames, IA Metro Area",35901,18895,16047,2848,794,2054,17006,9682,7324
11260,310M200US11260,"Anchorage, AK Metro Area",136273,91970,68743,23227,7657,15570,44303,33731,10572
11460,310M200US11460,"Ann Arbor, MI Metro Area",138067,79373,61941,17432,4257,13175,58694,42280,16414
11500,310M200US11500,"Anniston-Oxford-Jacksonville, AL Metro Area",45154,30581,21309,9272,1770,7502,14573,12563,2010
11540,310M200US11540,"Appleton, WI Metro Area",89088,61531,49709,11822,3891,7931,27557,22174,5383
11700,310M200US11700,"Asheville, NC Metro Area",182500,113150,89229,23921,6211,17710,69350,57535,11815
12020,310M200US12020,"Athens-Clarke County, GA Metro Area",70973,41405,30035,11370,2898,8472,29568,21016,8552
12060,310M200US12060,"Atlanta-Sandy Springs-Roswell, GA Metro Area",1964316,1331952,945617,386335,92723,293612,632364,520718,111646
12100,310M200US12100,"Atlantic City-Hammonton, NJ Metro Area",101818,68395,45620,22775,5705,17070,33423,27846,5577
12220,310M200US12220,"Auburn-Opelika, AL Metro Area",57171,35939,25477,10462,2450,8012,21232,15564,5668
12260,310M200US12260,"Augusta-Richmond County, GA-SC Metro Area",209672,142657,97745,44912,9360,35552,67015,58321,8694
12420,310M200US12420,"Austin-Round Rock, TX Metro Area",689278,428451,324941,103510,29887,73623,260827,191121,69706
12540,310M200US12540,"Bakersfield, CA Metro Area",259700,196097,132357,63740,20621,43119,63603,50633,12970
12580,310M200US12580,"Baltimore-Columbia-Towson, MD Metro Area",1036312,675620,475103,200517,48302,152215,360692,293646,67046
12620,310M200US12620,"Bangor, ME Metro Area",61973,38306,29763,8543,2948,5595,23667,17493,6174
12700,310M200US12700,"Barnstable Town, MA Metro Area",94417,58063,46796,11267,2810,8457,36354,31082,5272
12940,310M200US12940,"Baton Rouge, LA Metro Area",300913,199154,134215,64939,16393,48546,101759,83024,18735
12980,310M200US12980,"Battle Creek, MI Metro Area",52850,33625,23434,10191,2658,7533,19225,16339,2886
13020,310M200US13020,"Bay City, MI Metro Area",43565,27869,20999,6870,1861,5009,15696,13126,2570
13140,310M200US13140,"Beaumont-Port Arthur, TX Metro Area",151173,99977,69358,30619,7744,22875,51196,44839,6357
13220,310M200US13220,"Beckley, WV Metro Area",48943,32877,24348,8529,2281,6248,16066,13662,2404
13380,310M200US13380,"Bellingham, WA Metro Area",79767,49259,38343,10916,3105,7811,30508,21831,8677
13460,310M200US13460,"Bend-Redmond, OR Metro Area",66337,44349,35453,8896,2889,6007,21988,16726,5262
13740,310M200US13740,"Billings, MT Metro Area",66242,41564,31858,9706,3211,6495,24678,20070,4608
13780,310M200US13780,"Binghamton, NY Metro Area",99004,60778,45102,15676,4705,10971,38226,31061,7165
13820,310M200US13820,"Birmingham-Hoover, AL Metro Area",438124,294187,210140,84047,17247,66800,143937,125541,18396
13900,310M200US13900,"Bismarck, ND Metro Area",51259,32488,26033,6455,1789,4666,18771,14565,4206
13980,310M200US13980,"Blacksburg-Christiansburg-Radford, VA Metro Area",68796,40392,31562,8830,2510,6320,28404,19241,9163
14010,310M200US14010,"Bloomington, IL Metro Area",72186,44969,35722,9247,2809,6438,27217,20358,6859
14020,310M200US14020,"Bloomington, IN Metro Area",62718,33796,25493,8303,2313,5990,28922,20071,8851
14100,310M200US14100,"Bloomsburg-Berwick, PA Metro Area",33558,21422,16744,4678,1384,3294,12136,9508,2628
14260,310M200US14260,"Boise City, ID Metro Area",236303,161047,126305,34742,11419,23323,75256,60473,14783
14460,310M200US14460,"Boston-Cambridge-Newton, MA-NH Metro Area",1776440,1129245,848964,280281,69128,211153,647195,499982,147213
14500,310M200US14500,"Boulder, CO Metro Area",122516,72418,58291,14127,4683,9444,50098,33899,16199
14540,310M200US14540,"Bowling Green, KY Metro Area",62996,41939,31577,10362,3020,7342,21057,16727,4330
14740,310M200US14740,"Bremerton-Silverdale, WA Metro Area",97739,65501,51661,13840,4481,9359,32238,25645,6593
14860,310M200US14860,"Bridgeport-Stamford-Norwalk, CT Metro Area",334320,232921,177986,54935,13651,41284,101399,83773,17626
15180,310M200US15180,"Brownsville-Harlingen, TX Metro Area",121097,95991,63544,32447,6896,25551,25106,22216,2890
15260,310M200US15260,"Brunswick, GA Metro Area",44188,30332,21015,9317,2247,7070,13856,12008,1848
15380,310M200US15380,"Buffalo-Cheektowaga-Niagara Falls, NY Metro Area",470653,284789,200188,84601,20992,63609,185864,156084,29780
15500,310M200US15500,"Burlington, NC Metro Area",61545,40938,28800,12138,3245,8893,20607,17811,2796
15540,310M200US15540,"Burlington-South Burlington, VT Metro Area",85148,52010,41474,10536,3321,7215,33138,22707,10431
15680,310M200US15680,"California-Lexington Park, MD Metro Area",38243,27741,22004,5737,1622,4115,10502,8430,2072
15940,310M200US15940,"Canton-Massillon, OH Metro Area",161357,106626,79225,27401,8062,19339,54731,46201,8530
15980,310M200US15980,"Cape Coral-Fort Myers, FL Metro Area",252287,165635,128150,37485,10767,26718,86652,71171,15481
16020,310M200US16020,"Cape Girardeau, MO-IL Metro Area",37192,23995,18618,5377,1370,4007,13197,10723,2474
16060,310M200US16060,"Carbondale-Marion, IL Metro Area",50186,30141,22755,7386,1858,5528,20045,16135,3910
16180,310M200US16180,"Carson City, NV Metro Area",21594,13012,9272,3740,966,2774,8582,7035,1547
16220,310M200US16220,"Casper, WY Metro Area",32131,20267,15141,5126,2098,3028,11864,9615,2249
16300,310M200US16300,"Cedar Rapids, IA Metro Area",105643,67536,53462,14074,4168,9906,38107,30250,7857
16540,310M200US16540,"Chambersburg-Waynesboro, PA Metro Area",58570,40598,32335,8263,2728,5535,17972,15338,2634
16580,310M200US16580,"Champaign-Urbana, IL Metro Area",92183,50887,38798,12089,2929,9160,41296,30449,10847
16620,310M200US16620,"Charleston, WV Metro Area",95257,60078,43055,17023,4480,12543,35179,29928,5251
16700,310M200US16700,"Charleston-North Charleston, SC Metro Area",268904,173525,123634,49891,11978,37913,95379,76042,19337
16740,310M200US16740,"Charlotte-Concord-Gastonia, NC-SC Metro Area",871519,588954,429472,159482,39475,120007,282565,231691,50874
16820,310M200US16820,"Charlottesville, VA Metro Area",85549,52906,41745,11161,2532,8629,32643,24957,7686
16860,310M200US16860,"Chattanooga, TN-GA Metro Area",209412,141337,103798,37539,9719,27820,68075,57584,10491
16940,310M200US16940,"Cheyenne, WY Metro Area",37294,24950,19303,5647,1662,3985,12344,9991,2353
16980,310M200US16980,"Chicago-Naperville-Elgin, IL-IN-WI Metro Area",3448499,2274045,1648656,625389,163855,461534,1174454,974649,199805
17020,310M200US17020,"Chico, CA Metro Area",85318,50963,36475,14488,4591,9897,34355,24602,9753
17140,310M200US17140,"Cincinnati, OH-KY-IN Metro Area",822679,539212,397697,141515,36137,105378,283467,233794,49673
17300,310M200US17300,"Clarksville, TN-KY Metro Area",97769,70077,51877,18200,4502,13698,27692,22539,5153
17420,310M200US17420,"Cleveland, TN Metro Area",45211,31204,23548,7656,2488,5168,14007,12082,1925
17460,310M200US17460,"Cleveland-Elyria, OH Metro Area",847608,521209,364082,157127,37114,120013,326399,281317,45082
17660,310M200US17660,"Coeur d'Alene, ID Metro Area",56421,38705,30550,8155,2351,5804,17716,13957,3759
17780,310M200US17780,"College Station-Bryan, TX Metro Area",86324,49315,35582,13733,3728,10005,37009,23943,13066
17820,310M200US17820,"Colorado Springs, CO Metro Area",254868,174943,135928,39015,10624,28391,79925,64854,15071
17860,310M200US17860,"Columbia, MO Metro Area",66980,38235,29680,8555,2166,6389,28745,19783,8962
17900,310M200US17900,"Columbia, SC Metro Area",297977,192940,133855,59085,12355,46730,105037,86568,18469
17980,310M200US17980,"Columbus, GA-AL Metro Area",112225,73734,47789,25945,5571,20374,38491,33230,5261
18020,310M200US18020,"Columbus, IN Metro Area",30518,20612,15804,4808,1682,3126,9906,8315,1591
18140,310M200US18140,"Columbus, OH Metro Area",756520,480828,352036,128792,32962,95830,275692,219370,56322
18580,310M200US18580,"Corpus Christi, TX Metro Area",159363,110737,74544,36193,10510,25683,48626,38705,9921
18700,310M200US18700,"Corvallis, OR Metro Area",33840,18837,15618,3219,825,2394,15003,9748,5255
18880,310M200US18880,"Crestview-Fort Walton Beach-Destin, FL Metro Area",98374,64717,49145,15572,4099,11473,33657,28116,5541
19060,310M200US19060,"Cumberland, MD-WV Metro Area",39589,23667,17846,5821,1498,4323,15922,13802,2120
19100,310M200US19100,"Dallas-Fort Worth-Arlington, TX Metro Area",2407330,1671492,1218106,453386,122617,330769,735838,602254,133584
19140,310M200US19140,"Dalton, GA Metro Area",48811,35878,26754,9124,2798,6326,12933,10659,2274
19180,310M200US19180,"Danville, IL Metro Area",31531,20188,13897,6291,1800,4491,11343,9760,1583
19300,310M200US19300,"Daphne-Fairhope-Foley, AL Metro Area",74104,50276,39968,10308,2600,7708,23828,20773,3055
19340,310M200US19340,"Davenport-Moline-Rock Island, IA-IL Metro Area",154877,98409,74768,23641,6230,17411,56468,48033,8435
19380,310M200US19380,"Dayton, OH Metro Area",328004,203927,144914,59013,14394,44619,124077,105511,18566
19460,310M200US19460,"Decatur, AL Metro Area",59772,41298,30462,10836,2770,8066,18474,16421,2053
19500,310M200US19500,"Decatur, IL Metro Area",44915,27658,19874,7784,1858,5926,17257,14951,2306
19660,310M200US19660,"Deltona-Daytona Beach-Ormond Beach, FL Metro Area",237130,149233,113398,35835,10290,25545,87897,71826,16071
19740,310M200US19740,"Denver-Aurora-Lakewood, CO Metro Area",1042103,658359,498919,159440,48884,110556,383744,300342,83402
19780,310M200US19780,"Des Moines-West Des Moines, IA Metro Area",233390,154650,119309,35341,10637,24704,78740,63171,15569
19820,310M200US19820,"Detroit-Warren-Dearborn, MI Metro Area",1662948,1081123,757919,323204,80880,242324,581825,499096,82729
20020,310M200US20020,"Dothan, AL Metro Area",56845,38150,27218,10932,2137,8795,18695,16353,2342
20100,310M200US20100,"Dover, DE Metro Area",60571,42277,30476,11801,2866,8935,18294,14443,3851
20220,310M200US20220,"Dubuque, IA Metro Area",37891,24814,19904,4910,1439,3471,13077,10646,2431
20260,310M200US20260,"Duluth, MN-WI Metro Area",116524,70026,53447,16579,5297,11282,46498,37966,8532
20500,310M200US20500,"Durham-Chapel Hill, NC Metro Area",210161,128281,92291,35990,8509,27481,81880,64282,17598
20700,310M200US20700,"East Stroudsburg, PA Metro Area",57297,41743,31757,9986,3041,6945,15554,12010,3544
20740,310M200US20740,"Eau Claire, WI Metro Area",64766,40100,32448,7652,2722,4930,24666,18793,5873
20940,310M200US20940,"El Centro, CA Metro Area",46452,35874,23954,11920,2851,9069,10578,9060,1518
21060,310M200US21060,"Elizabethtown-Fort Knox, KY Metro Area",56278,39717,29739,9978,2752,7226,16561,14181,2380
21140,310M200US21140,"Elkhart-Goshen, IN Metro Area",70439,50577,37435,13142,4085,9057,19862,16329,3533
21300,310M200US21300,"Elmira, NY Metro Area",35167,21951,16172,5779,1417,4362,13216,10512,2704
21340,310M200US21340,"El Paso, TX Metro Area",260580,195692,130728,64964,14585,50379,64888,56369,8519
21500,310M200US21500,"Erie, PA Metro Area",109934,69932,50701,19231,4669,14562,40002,32958,7044
21660,310M200US21660,"Eugene, OR Metro Area",146235,86645,64481,22164,6692,15472,59590,42855,16735
21780,310M200US21780,"Evansville, IN-KY Metro Area",125940,81857,61572,20285,5407,14878,44083,37897,6186
21820,310M200US21820,"Fairbanks, AK Metro Area",35582,22810,17917,4893,1494,3399,12772,9784,2988
22020,310M200US22020,"Fargo, ND-MN Metro Area",91450,52742,41110,11632,3843,7789,38708,29043,9665
22140,310M200US22140,"Farmington, NM Metro Area",40643,29352,19831,9521,2657,6864,11291,9521,1770
22180,310M200US22180,"Fayetteville, NC Metro Area",139633,92857,62426,30431,5991,24440,46776,40082,6694
22220,310M200US22220,"Fayetteville-Springdale-Rogers, AR-MO Metro Area",182048,124939,98692,26247,7932,18315,57109,44673,12436
22380,310M200US22380,"Flagstaff, AZ Metro Area",46619,29887,20916,8971,2897,6074,16732,11051,5681
22420,310M200US22420,"Flint, MI Metro Area",165268,106647,71040,35607,8403,27204,58621,49255,9366
22500,310M200US22500,"Florence, SC Metro Area",78264,53667,34968,18699,3862,14837,24597,21637,2960
22520,310M200US22520,"Florence-Muscle Shoals, AL Metro Area",60816,40191,30054,10137,2600,7537,20625,17881,2744
22540,310M200US22540,"Fond du Lac, WI Metro Area",41069,27232,21980,5252,1738,3514,13837,11620,2217
22660,310M200US22660,"Fort Collins, CO Metro Area",125138,78216,63214,15002,5085,9917,46922,30912,16010
22900,310M200US22900,"Fort Smith, AR-OK Metro Area",106944,73926,54724,19202,5376,13826,33018,28720,4298
23060,310M200US23060,"Fort Wayne, IN Metro Area",164519,109192,80415,28777,7322,21455,55327,46825,8502
23420,310M200US23420,"Fresno, CA Metro Area",296305,216106,138710,77396,24004,53392,80199,63305,16894
23460,310M200US23460,"Gadsden, AL Metro Area",39899,27595,20065,7530,2132,5398,12304,10941,1363
23540,310M200US23540,"Gainesville, FL Metro Area",102890,56472,40905,15567,4044,11523,46418,32947,13471
23580,310M200US23580,"Gainesville, GA Metro Area",61992,45810,34819,10991,3424,7567,16182,13370,2812
23900,310M200US23900,"Gettysburg, PA Metro Area",38193,27376,22193,5183,1572,3611,10817,9019,1798
24020,310M200US24020,"Glens Falls, NY Metro Area",51025,33461,25044,8417,2238,6179,17564,14215,3349
24140,310M200US24140,"Goldsboro, NC Metro Area",47530,31600,21152,10448,2059,8389,15930,13256,2674
24220,310M200US24220,"Grand Forks, ND-MN Metro Area",41244,23958,19004,4954,1827,3127,17286,13148,4138
24260,310M200US24260,"Grand Island, NE Metro Area",31967,21453,16553,4900,1365,3535,10514,8454,2060
24300,310M200US24300,"Grand Junction, CO Metro Area",59215,38714,29335,9379,2710,6669,20501,16153,4348
24340,310M200US24340,"Grand Rapids-Wyoming, MI Metro Area",375364,257886,200212,57674,15870,41804,117478,93083,24395
24420,310M200US24420,"Grants Pass, OR Metro Area",34527,22089,16820,5269,1673,3596,12438,10082,2356
24500,310M200US24500,"Great Falls, MT Metro Area",33784,21168,16084,5084,1545,3539,12616,10694,1922
24540,310M200US24540,"Greeley, CO Metro Area",94294,68305,53766,14539,5049,9490,25989,20030,5959
24580,310M200US24580,"Green Bay, WI Metro Area",124264,81408,63881,17527,5791,11736,42856,34692,8164
24660,310M200US24660,"Greensboro-High Point, NC Metro Area",291630,189747,132967,56780,13884,42896,101883,85068,16815
24780,310M200US24780,"Greenville, NC Metro Area",67502,40239,26456,13783,2605,11178,27263,19686,7577
24860,310M200US24860,"Greenville-Anderson-Mauldin, SC Metro Area",323691,218963,162942,56021,13891,42130,104728,88508,16220
25060,310M200US25060,"Gulfport-Biloxi-Pascagoula, MS Metro Area",144715,96585,64896,31689,8047,23642,48130,39710,8420
25180,310M200US25180,"Hagerstown-Martinsburg, MD-WV Metro Area",97058,66556,49063,17493,5120,12373,30502,24882,5620
25220,310M200US25220,"Hammond, LA Metro Area",45483,30976,20675,10301,2196,8105,14507,11883,2624
25260,310M200US25260,"Hanford-Corcoran, CA Metro Area",41554,31863,21165,10698,3037,7661,9691,7296,2395
25420,310M200US25420,"Harrisburg-Carlisle, PA Metro Area",223658,144257,109569,34688,9321,25367,79401,65832,13569
25500,310M200US25500,"Harrisonburg, VA Metro Area",46034,29592,22930,6662,2233,4429,16442,11440,5002
25540,310M200US25540,"Hartford-West Hartford-East Hartford, CT Metro Area",466946,306718,224005,82713,20492,62221,160228,131825,28403
25620,310M200US25620,"Hattiesburg, MS Metro Area",54240,36447,24362,12085,2523,9562,17793,13970,3823
25860,310M200US25860,"Hickory-Lenoir-Morganton, NC Metro Area",137968,92771,69339,23432,6972,16460,45197,38936,6261
25940,310M200US25940,"Hilton Head Island-Bluffton-Beaufort, SC Metro Area",75070,51146,39858,11288,2868,8420,23924,19752,4172
25980,310M200US25980,"Hinesville, GA Metro Area",27960,20380,14501,5879,1264,4615,7580,6112,1468
26140,310M200US26140,"Homosassa Springs, FL Metro Area",61012,39016,31156,7860,2381,5479,21996,18703,3293
26300,310M200US26300,"Hot Springs, AR Metro Area",40290,25951,18953,6998,1662,5336,14339,11667,2672
26380,310M200US26380,"Houma-Thibodaux, LA Metro Area",75678,53169,37321,15848,4619,11229,22509,18254,4255
26420,310M200US26420,"Houston-The Woodlands-Sugar Land, TX Metro Area",2168642,1530226,1099504,430722,116783,313939,638416,528708,109708
26580,310M200US26580,"Huntington-Ashland, WV-KY-OH Metro Area",143496,94712,70638,24074,6860,17214,48784,41563,7221
26620,310M200US26620,"Huntsville, AL Metro Area",169980,112844,84973,27871,7006,20865,57136,49939,7197
26820,310M200US26820,"Idaho Falls, ID Metro Area",45797,34187,27523,6664,1906,4758,11610,9883,1727
26900,310M200US26900,"Indianapolis-Carmel-Anderson, IN Metro Area",741817,482734,350626,132108,33378,98730,259083,214725,44358
26980,310M200US26980,"Iowa City, IA Metro Area",64364,36527,28642,7885,2415,5470,27837,18902,8935
27060,310M200US27060,"Ithaca, NY Metro Area",38460,20250,15796,4454,1185,3269,18210,12549,5661
27100,310M200US27100,"Jackson, MI Metro Area",60591,39930,29506,10424,2998,7426,20661,17475,3186
27140,310M200US27140,"Jackson, MS Metro Area",207730,143161,91060,52101,10849,41252,64569,56368,8201
27180,310M200US27180,"Jackson, TN Metro Area",48293,32623,22872,9751,1999,7752,15670,13480,2190
27260,310M200US27260,"Jacksonville, FL Metro Area",522706,343061,246244,96817,22390,74427,179645,146813,32832
27340,310M200US27340,"Jacksonville, NC Metro Area",62185,44838,34732,10106,1991,8115,17347,13995,3352
27500,310M200US27500,"Janesville-Beloit, WI Metro Area",63845,42099,30556,11543,3221,8322,21746,17594,4152
27620,310M200US27620,"Jefferson City, MO Metro Area",56274,37095,28614,8481,2035,6446,19179,16295,2884
27740,310M200US27740,"Johnson City, TN Metro Area",83960,54064,41016,13048,3667,9381,29896,25358,4538
27780,310M200US27780,"Johnstown, PA Metro Area",57465,36531,27237,9294,2630,6664,20934,18400,2534
27860,310M200US27860,"Jonesboro, AR Metro Area",48010,32284,22275,10009,2761,7248,15726,12610,3116
27900,310M200US27900,"Joplin, MO Metro Area",67615,45479,35001,10478,3104,7374,22136,18055,4081
27980,310M200US27980,"Kahului-Wailuku-Lahaina, HI Metro Area",53517,36696,27170,9526,2910,6616,16821,12832,3989
28020,310M200US28020,"Kalamazoo-Portage, MI Metro Area",128708,79778,58867,20911,5884,15027,48930,37740,11190
28100,310M200US28100,"Kankakee, IL Metro Area",40880,27599,19570,8029,1821,6208,13281,10945,2336
28140,310M200US28140,"Kansas City, MO-KS Metro Area",800071,520597,387067,133530,35334,98196,279474,231494,47980
28420,310M200US28420,"Kennewick-Richland, WA Metro Area",92155,65837,49320,16517,4821,11696,26318,21956,4362
28660,310M200US28660,"Killeen-Temple, TX Metro Area",139178,101049,74794,26255,6110,20145,38129,32469,5660
28700,310M200US28700,"Kingsport-Bristol-Bristol, TN-VA Metro Area",129358,86422,65152,21270,6082,15188,42936,37769,5167
28740,310M200US28740,"Kingston, NY Metro Area",69474,43342,32463,10879,3353,7526,26132,21012,5120
28940,310M200US28940,"Knoxville, TN Metro Area",341889,221154,171451,49703,13244,36459,120735,101316,19419
29020,310M200US29020,"Kokomo, IN Metro Area",34413,22281,16566,5715,1736,3979,12132,10540,1592
29100,310M200US29100,"La Crosse-Onalaska, WI-MN Metro Area",54231,33393,26497,6896,2198,4698,20838,15304,5534
29180,310M200US29180,"Lafayette, LA Metro Area",178790,118406,81686,36720,8983,27737,60384,49884,10500
29200,310M200US29200,"Lafayette-West Lafayette, IN Metro Area",78978,45419,34719,10700,2923,7777,33559,23572,9987
29340,310M200US29340,"Lake Charles, LA Metro Area",77933,52671,36393,16278,4371,11907,25262,21436,3826
29420,310M200US29420,"Lake Havasu City-Kingman, AZ Metro Area",80832,51465,39154,12311,3606,8705,29367,22816,6551
29460,310M200US29460,"Lakeland-Winter Haven, FL Metro Area",221381,153115,111361,41754,10575,31179,68266,56715,11551
29540,310M200US29540,"Lancaster, PA Metro Area",195330,137133,111084,26049,7256,18793,58197,46865,11332
29620,310M200US29620,"Lansing-East Lansing, MI Metro Area",182907,109372,81360,28012,7477,20535,73535,56438,17097
29700,310M200US29700,"Laredo, TX Metro Area",69668,56626,36819,19807,4024,15783,13042,10952,2090
29740,310M200US29740,"Las Cruces, NM Metro Area",74762,51781,36003,15778,3924,11854,22981,18054,4927
29820,310M200US29820,"Las Vegas-Henderson-Paradise, NV Metro Area",724446,465442,317402,148040,47542,100498,259004,202635,56369
29940,310M200US29940,"Lawrence, KS Metro Area",43729,23794,18298,5496,1852,3644,19935,13370,6565
30020,310M200US30020,"Lawton, OK Metro Area",45669,30017,21274,8743,2095,6648,15652,13120,2532
30140,310M200US30140,"Lebanon, PA Metro Area",52267,35976,27525,8451,2554,5897,16291,13813,2478
30300,310M200US30300,"Lewiston, ID-WA Metro Area",25437,16353,12435,3918,1086,2832,9084,7558,1526
30340,310M200US30340,"Lewiston-Auburn, ME Metro Area",44636,27791,20605,7186,2209,4977,16845,13105,3740
30460,310M200US30460,"Lexington-Fayette, KY Metro Area",194327,121658,88815,32843,8734,24109,72669,56043,16626
30620,310M200US30620,"Lima, OH Metro Area",39986,26203,18446,7757,2019,5738,13783,11468,2315
30700,310M200US30700,"Lincoln, NE Metro Area",124015,75038,57970,17068,5263,11805,48977,37248,11729
30780,310M200US30780,"Little Rock-North Little Rock-Conway, AR Metro Area",276358,179095,129591,49504,11536,37968,97263,81959,15304
30860,310M200US30860,"Logan, UT-ID Metro Area",39921,29962,25869,4093,1119,2974,9959,7085,2874
30980,310M200US30980,"Longview, TX Metro Area",77215,53319,38068,15251,3900,11351,23896,20797,3099
31020,310M200US31020,"Longview, WA Metro Area",39763,26082,19819,6263,1723,4540,13681,11039,2642
31080,310M200US31080,"Los Angeles-Long Beach-Anaheim, CA Metro Area",4272422,2913538,2005900,907638,277409,630229,1358884,1051652,307232
31140,310M200US31140,"Louisville/Jefferson County, KY-IN Metro Area",492904,318274,226916,91358,24077,67281,174630,145949,28681
31180,310M200US31180,"Lubbock, TX Metro Area",111917,70140,48854,21286,5909,15377,41777,31670,10107
31340,310M200US31340,"Lynchburg, VA Metro Area",99343,66286,50044,16242,3703,12539,33057,27663,5394
31420,310M200US31420,"Macon, GA Metro Area",84578,56013,36066,19947,3840,16107,28565,25044,3521
31460,310M200US31460,"Madera, CA Metro Area",43159,33201,24201,9000,2572,6428,9958,8437,1521
31540,310M200US31540,"Madison, WI Metro Area",258237,154158,121491,32667,10405,22262,104079,77026,27053
31700,310M200US31700,"Manchester-Nashua, NH Metro Area",155208,104048,80688,23360,6736,16624,51160,38647,12513
31740,310M200US31740,"Manhattan, KS Metro Area",34659,20034,16534,3500,1135,2365,14625,9872,4753
31860,310M200US31860,"Mankato-North Mankato, MN Metro Area",37476,22825,18161,4664,1520,3144,14651,10152,4499
31900,310M200US31900,"Mansfield, OH Metro Area",48103,30471,22814,7657,1846,5811,17632,15233,2399
32580,310M200US32580,"McAllen-Edinburg-Mission, TX Metro Area",224021,183335,126203,57132,11004,46128,40686,34990,5696
32780,310M200US32780,"Medford, OR Metro Area",83487,53375,39847,13528,4043,9485,30112,24134,5978
32820,310M200US32820,"Memphis, TN-MS-AR Metro Area",492066,325821,203952,121869,25492,96377,166245,141403,24842
32900,310M200US32900,"Merced, CA Metro Area",77692,59568,39543,20025,5535,14490,18124,14436,3688
33100,310M200US33100,"Miami-Fort Lauderdale-West Palm Beach, FL Metro Area",2047042,1330793,895864,434929,112222,322707,716249,587431,128818
33140,310M200US33140,"Michigan City-La Porte, IN Metro Area",43004,28142,20797,7345,1830,5515,14862,12210,2652
33220,310M200US33220,"Midland, MI Metro Area",33617,23066,18784,4282,1279,3003,10551,8630,1921
33260,310M200US33260,"Midland, TX Metro Area",54500,37873,28279,9594,3029,6565,16627,13532,3095
33340,310M200US33340,"Milwaukee-Waukesha-West Allis, WI Metro Area",624146,388209,279923,108286,27769,80517,235937,193389,42548
33460,310M200US33460,"Minneapolis-St. Paul-Bloomington, MN-WI Metro Area",1334395,865549,673350,192199,56314,135885,468846,370102,98744
33540,310M200US33540,"Missoula, MT Metro Area",46624,26664,20219,6445,2108,4337,19960,14321,5639
33660,310M200US33660,"Mobile, AL Metro Area",154188,103554,68559,34995,6529,28466,50634,44150,6484
33700,310M200US33700,"Modesto, CA Metro Area",169196,124736,86404,38332,11702,26630,44460,34907,9553
33740,310M200US33740,"Monroe, LA Metro Area",66207,43456,28352,15104,2569,12535,22751,20063,2688
33780,310M200US33780,"Monroe, MI Metro Area",58566,41233,31890,9343,2987,6356,17333,14698,2635
33860,310M200US33860,"Montgomery, AL Metro Area",142861,94544,62264,32280,6192,26088,48317,42093,6224
34060,310M200US34060,"Morgantown, WV Metro Area",49507,28075,22055,6020,1925,4095,21432,16443,4989
34100,310M200US34100,"Morristown, TN Metro Area",44149,31061,23081,7980,2394,5586,13088,11377,1711
34580,310M200US34580,"Mount Vernon-Anacortes, WA Metro Area",45841,31190,24267,6923,1952,4971,14651,11573,3078
34620,310M200US34620,"Muncie, IN Metro Area",45761,27584,19828,7756,1972,5784,18177,13157,5020
34740,310M200US34740,"Muskegon, MI Metro Area",64490,43676,30856,12820,3428,9392,20814,17576,3238
34820,310M200US34820,"Myrtle Beach-Conway-North Myrtle Beach, SC-NC Metro Area",167931,110740,84556,26184,7195,18989,57191,47289,9902
34900,310M200US34900,"Napa, CA Metro Area",49494,34328,26295,8033,2587,5446,15166,12040,3126
34940,310M200US34940,"Naples-Immokalee-Marco Island, FL Metro Area",129888,87665,70370,17295,5208,12087,42223,35635,6588
34980,310M200US34980,"Nashville-Davidson--Murfreesboro--Franklin, TN Metro Area",664881,438865,328963,109902,27281,82621,226016,182391,43625
35100,310M200US35100,"New Bern, NC Metro Area",49504,34009,25727,8282,2220,6062,15495,13466,2029
35300,310M200US35300,"New Haven-Milford, CT Metro Area",326028,207295,146853,60442,14102,46340,118733,99889,18844
35380,310M200US35380,"New Orleans-Metairie, LA Metro Area",475118,295553,191783,103770,23983,79787,179565,151186,28379
35620,310M200US35620,"New York-Newark-Jersey City, NY-NJ-PA Metro Area",7121206,4717809,3277431,1440378,360489,1079889,2403397,1986416,416981
35660,310M200US35660,"Niles-Benton Harbor, MI Metro Area",61167,40269,29633,10636,2476,8160,20898,18161,2737
35840,310M200US35840,"North Port-Sarasota-Bradenton, FL Metro Area",309910,194874,155766,39108,9682,29426,115036,95264,19772
35980,310M200US35980,"Norwich-New London, CT Metro Area",106495,69416,51365,18051,5042,13009,37079,30579,6500
36100,310M200US36100,"Ocala, FL Metro Area",132287,86114,65404,20710,5252,15458,46173,38534,7639
36140,310M200US36140,"Ocean City, NJ Metro Area",40412,25946,20667,5279,1445,3834,14466,12537,1929
36220,310M200US36220,"Odessa, TX Metro Area",50868,36204,24830,11374,3200,8174,14664,11711,2953
36260,310M200US36260,"Ogden-Clearfield, UT Metro Area",197475,154078,125781,28297,8720,19577,43397,36015,7382
36420,310M200US36420,"Oklahoma City, OK Metro Area",494884,323761,236482,87279,25561,61718,171123,140384,30739
36500,310M200US36500,"Olympia-Tumwater, WA Metro Area",102631,68238,52213,16025,4659,11366,34393,27076,7317
36540,310M200US36540,"Omaha-Council Bluffs, NE-IA Metro Area",344424,225879,170632,55247,15160,40087,118545,97172,21373
36740,310M200US36740,"Orlando-Kissimmee-Sanford, FL Metro Area",798168,532416,380704,151712,37958,113754,265752,206332,59420
36780,310M200US36780,"Oshkosh-Neenah, WI Metro Area",68939,41687,32845,8842,2622,6220,27252,21497,5755
36980,310M200US36980,"Owensboro, KY Metro Area",45560,31213,23751,7462,2078,5384,14347,12258,2089
37100,310M200US37100,"Oxnard-Thousand Oaks-Ventura, CA Metro Area",268969,198047,149844,48203,14829,33374,70922,55777,15145
37340,310M200US37340,"Palm Bay-Melbourne-Titusville, FL Metro Area",222791,141695,105448,36247,9439,26808,81096,67558,13538
37460,310M200US37460,"Panama City, FL Metro Area",73271,47280,34833,12447,3604,8843,25991,21283,4708
37620,310M200US37620,"Parkersburg-Vienna, WV Metro Area",38622,24932,18588,6344,1907,4437,13690,11814,1876
37860,310M200US37860,"Pensacola-Ferry Pass-Brent, FL Metro Area",172314,111232,81754,29478,7817,21661,61082,49153,11929
37900,310M200US37900,"Peoria, IL Metro Area",152155,99050,76022,23028,5429,17599,53105,45383,7722
37980,310M200US37980,"Philadelphia-Camden-Wilmington, PA-NJ-DE-MD Metro Area",2230987,1445925,1029134,416791,101593,315198,785062,653767,131295
38060,310M200US38060,"Phoenix-Mesa-Scottsdale, AZ Metro Area",1570117,1036417,747684,288733,88369,200364,533700,420698,113002
38220,310M200US38220,"Pine Bluff, AR Metro Area",35493,22737,14687,8050,1648,6402,12756,11508,1248
38300,310M200US38300,"Pittsburgh, PA Metro Area",991522,611943,463906,148037,38032,110005,379579,320471,59108
38340,310M200US38340,"Pittsfield, MA Metro Area",55240,33021,24005,9016,2405,6611,22219,18971,3248
38540,310M200US38540,"Pocatello, ID Metro Area",30394,20064,15513,4551,1270,3281,10330,8092,2238
38860,310M200US38860,"Portland-South Portland, ME Metro Area",214667,134957,105741,29216,9239,19977,79710,61486,18224
38900,310M200US38900,"Portland-Vancouver-Hillsboro, OR-WA Metro Area",886763,565325,432966,132359,39467,92892,321438,242425,79013
38940,310M200US38940,"Port St. Lucie, FL Metro Area",169850,110529,85254,25275,7040,18235,59321,49956,9365
39140,310M200US39140,"Prescott, AZ Metro Area",92310,58562,46831,11731,3089,8642,33748,27770,5978
39300,310M200US39300,"Providence-Warwick, RI-MA Metro Area",622631,396417,280058,116359,29212,87147,226214,183831,42383
39340,310M200US39340,"Provo-Orem, UT Metro Area",151570,124736,107699,17037,4814,12223,26834,18279,8555
39380,310M200US39380,"Pueblo, CO Metro Area",62888,40660,28148,12512,3563,8949,22228,18646,3582
39460,310M200US39460,"Punta Gorda, FL Metro Area",71856,46876,38580,8296,2561,5735,24980,21054,3926
39540,310M200US39540,"Racine, WI Metro Area",75183,50245,37299,12946,3833,9113,24938,20600,4338
39580,310M200US39580,"Raleigh, NC Metro Area",450125,306186,233771,72415,18675,53740,143939,115026,28913
39660,310M200US39660,"Rapid City, SD Metro Area",56022,36665,28406,8259,2633,5626,19357,16082,3275
39740,310M200US39740,"Reading, PA Metro Area",153312,105998,78875,27123,8243,18880,47314,37989,9325
39820,310M200US39820,"Redding, CA Metro Area",69375,44950,33302,11648,3365,8283,24425,19548,4877
39900,310M200US39900,"Reno, NV Metro Area",168112,103726,76114,27612,8486,19126,64386,49724,14662
40060,310M200US40060,"Richmond, VA Metro Area",468648,304729,216945,87784,20075,67709,163919,134109,29810
40140,310M200US40140,"Riverside-San Bernardino-Ontario, CA Metro Area",1313557,979189,691328,287861,89307,198554,334368,265565,68803
40220,310M200US40220,"Roanoke, VA Metro Area",128764,83580,61934,21646,5453,16193,45184,38386,6798
40340,310M200US40340,"Rochester, MN Metro Area",82939,55974,45479,10495,2986,7509,26965,22339,4626
40380,310M200US40380,"Rochester, NY Metro Area",430459,268759,193126,75633,18642,56991,161700,130989,30711
40420,310M200US40420,"Rockford, IL Metro Area",132041,88592,63791,24801,6431,18370,43449,36750,6699
40580,310M200US40580,"Rocky Mount, NC Metro Area",57737,38088,24322,13766,2649,11117,19649,16817,2832
40660,310M200US40660,"Rome, GA Metro Area",34874,23513,16782,6731,1798,4933,11361,9480,1881
40900,310M200US40900,"Sacramento--Roseville--Arden-Arcade, CA Metro Area",797135,529877,383857,146020,41101,104919,267258,207407,59851
40980,310M200US40980,"Saginaw, MI Metro Area",77925,49689,34732,14957,3446,11511,28236,24280,3956
41060,310M200US41060,"St. Cloud, MN Metro Area",72897,47374,37123,10251,3671,6580,25523,18398,7125
41100,310M200US41100,"St. George, UT Metro Area",48920,37180,31025,6155,1539,4616,11740,9631,2109
41140,310M200US41140,"St. Joseph, MO-KS Metro Area",46849,30365,22810,7555,2084,5471,16484,13600,2884
41180,310M200US41180,"St. Louis, MO-IL Metro Area",1104672,719326,522631,196695,48209,148486,385346,325438,59908
41420,310M200US41420,"Salem, OR Metro Area",142454,98277,72269,26008,7712,18296,44177,35418,8759
41500,310M200US41500,"Salinas, CA Metro Area",125402,90914,64890,26024,8654,17370,34488,27032,7456
41540,310M200US41540,"Salisbury, MD-DE Metro Area",147330,98206,72345,25861,7023,18838,49124,39649,9475
41620,310M200US41620,"Salt Lake City, UT Metro Area",370523,262544,204942,57602,18202,39400,107979,84364,23615
41660,310M200US41660,"San Angelo, TX Metro Area",43483,27907,20340,7567,1972,5595,15576,13038,2538
41700,310M200US41700,"San Antonio-New Braunfels, TX Metro Area",779381,539835,378103,161732,41067,120665,239546,198164,41382
41740,310M200US41740,"San Diego-Carlsbad, CA Metro Area",1094157,731328,542897,188431,55881,132550,362829,267512,95317
41860,310M200US41860,"San Francisco-Oakland-Hayward, CA Metro Area",1660221,1046725,788246,258479,76673,181806,613496,459860,153636
41940,310M200US41940,"San Jose-Sunnyvale-Santa Clara, CA Metro Area",638661,460455,360149,100306,32493,67813,178206,134605,43601
42020,310M200US42020,"San Luis Obispo-Paso Robles-Arroyo Grande, CA Metro Area",103576,65508,52168,13340,4063,9277,38068,27089,10979
42100,310M200US42100,"Santa Cruz-Watsonville, CA Metro Area",94802,59675,45465,14210,4162,10048,35127,24995,10132
42140,310M200US42140,"Santa Fe, NM Metro Area",61179,36482,26724,9758,2901,6857,24697,20100,4597
42200,310M200US42200,"Santa Maria-Santa Barbara, CA Metro Area",142713,93473,69524,23949,7446,16503,49240,35414,13826
42220,310M200US42220,"Santa Rosa, CA Metro Area",187782,118467,88203,30264,10009,20255,69315,53124,16191
42340,310M200US42340,"Savannah, GA Metro Area",134785,87366,60680,26686,6116,20570,47419,38092,9327
42540,310M200US42540,"Scranton--Wilkes-Barre--Hazleton, PA Metro Area",224620,141530,101107,40423,11889,28534,83090,71520,11570
42660,310M200US42660,"Seattle-Tacoma-Bellevue, WA Metro Area",1398003,877774,680853,196921,60285,136636,520229,397605,122624
42680,310M200US42680,"Sebastian-Vero Beach, FL Metro Area",57825,36247,28898,7349,1999,5350,21578,18587,2991
42700,310M200US42700,"Sebring, FL Metro Area",40397,25837,20890,4947,1166,3781,14560,12680,1880
43100,310M200US43100,"Sheboygan, WI Metro Area",46701,30905,25022,5883,1837,4046,15796,13325,2471
43300,310M200US43300,"Sherman-Denison, TX Metro Area",47215,32294,23819,8475,2284,6191,14921,12541,2380
43340,310M200US43340,"Shreveport-Bossier City, LA Metro Area",171125,109564,70116,39448,8402,31046,61561,54584,6977
43420,310M200US43420,"Sierra Vista-Douglas, AZ Metro Area",48825,32200,24240,7960,2088,5872,16625,14124,2501
43580,310M200US43580,"Sioux City, IA-NE-SD Metro Area",64185,43437,32744,10693,3362,7331,20748,17402,3346
43620,310M200US43620,"Sioux Falls, SD Metro Area",93950,61621,47903,13718,3884,9834,32329,25977,6352
43780,310M200US43780,"South Bend-Mishawaka, IN-MI Metro Area",122106,79128,58226,20902,5518,15384,42978,35832,7146
43900,310M200US43900,"Spartanburg, SC Metro Area",121558,84274,58403,25871,6420,19451,37284,32263,5021
44060,310M200US44060,"Spokane-Spokane Valley, WA Metro Area",212546,135727,103948,31779,9138,22641,76819,60936,15883
44100,310M200US44100,"Springfield, IL Metro Area",88029,54423,39527,14896,3989,10907,33606,27902,5704
44140,310M200US44140,"Springfield, MA Metro Area",235531,149875,100372,49503,11919,37584,85656,68375,17281
44180,310M200US44180,"Springfield, MO Metro Area",178510,114839,89023,25816,7627,18189,63671,49803,13868
44220,310M200US44220,"Springfield, OH Metro Area",54809,35980,25299,10681,2705,7976,18829,15778,3051
44300,310M200US44300,"State College, PA Metro Area",57183,32532,26624,5908,2173,3735,24651,16350,8301
44420,310M200US44420,"Staunton-Waynesboro, VA Metro Area",47568,32221,24586,7635,2261,5374,15347,13069,2278
44700,310M200US44700,"Stockton-Lodi, CA Metro Area",219073,163845,113594,50251,15509,34742,55228,43549,11679
44940,310M200US44940,"Sumter, SC Metro Area",40571,27769,18015,9754,1896,7858,12802,11069,1733
45060,310M200US45060,"Syracuse, NY Metro Area",256229,160300,115347,44953,11945,33008,95929,77094,18835
45220,310M200US45220,"Tallahassee, FL Metro Area",143900,83490,56460,27030,6197,20833,60410,42795,17615
45300,310M200US45300,"Tampa-St. Petersburg-Clearwater, FL Metro Area",1145501,702244,506900,195344,51201,144143,443257,363335,79922
45460,310M200US45460,"Terre Haute, IN Metro Area",64837,41756,30952,10804,3210,7594,23081,18994,4087
45500,310M200US45500,"Texarkana, TX-AR Metro Area",55634,37736,25700,12036,2474,9562,17898,15625,2273
45540,310M200US45540,"The Villages, FL Metro Area",48039,32883,29758,3125,742,2383,15156,13113,2043
45780,310M200US45780,"Toledo, OH Metro Area",243939,149460,103643,45817,12026,33791,94479,77007,17472
45820,310M200US45820,"Topeka, KS Metro Area",93364,60175,46186,13989,4238,9751,33189,27898,5291
45940,310M200US45940,"Trenton, NJ Metro Area",130546,88299,65029,23270,6114,17156,42247,35468,6779
46060,310M200US46060,"Tucson, AZ Metro Area",389658,239972,169543,70429,20603,49826,149686,119767,29919
46140,310M200US46140,"Tulsa, OK Metro Area",372665,248034,181458,66576,18690,47886,124631,104541,20090
46220,310M200US46220,"Tuscaloosa, AL Metro Area",82699,54760,38133,16627,3470,13157,27939,23509,4430
46340,310M200US46340,"Tyler, TX Metro Area",78778,53709,39518,14191,3675,10516,25069,20991,4078
46520,310M200US46520,"Urban Honolulu, HI Metro Area",309602,217945,163201,54744,16620,38124,91657,71621,20036
46540,310M200US46540,"Utica-Rome, NY Metro Area",116974,73125,52187,20938,5916,15022,43849,36725,7124
46660,310M200US46660,"Valdosta, GA Metro Area",51033,32277,22185,10092,1853,8239,18756,14601,4155
46700,310M200US46700,"Vallejo-Fairfield, CA Metro Area",143612,103174,71956,31218,8561,22657,40438,31739,8699
47020,310M200US47020,"Victoria, TX Metro Area",35391,25166,18358,6808,1719,5089,10225,8685,1540
47220,310M200US47220,"Vineland-Bridgeton, NJ Metro Area",50368,35059,21992,13067,3234,9833,15309,12318,2991
47260,310M200US47260,"Virginia Beach-Norfolk-Newport News, VA-NC Metro Area",631299,425277,298325,126952,28572,98380,206022,166848,39174
47300,310M200US47300,"Visalia-Porterville, CA Metro Area",133570,104130,70004,34126,11501,22625,29440,23272,6168
47380,310M200US47380,"Waco, TX Metro Area",92187,61229,43545,17684,4290,13394,30958,24901,6057
47460,310M200US47460,"Walla Walla, WA Metro Area",23382,14770,11563,3207,841,2366,8612,7422,1190
47580,310M200US47580,"Warner Robins, GA Metro Area",67659,47443,34453,12990,2291,10699,20216,17422,2794
47900,310M200US47900,"Washington-Arlington-Alexandria, DC-VA-MD-WV Metro Area",2135657,1408440,1046714,361726,95997,265729,727217,578019,149198
47940,310M200US47940,"Waterloo-Cedar Falls, IA Metro Area",66958,40999,32523,8476,2290,6186,25959,20694,5265
48060,310M200US48060,"Watertown-Fort Drum, NY Metro Area",44306,30116,23204,6912,1835,5077,14190,11659,2531
48140,310M200US48140,"Wausau, WI Metro Area",53848,36303,29178,7125,2586,4539,17545,14502,3043
48260,310M200US48260,"Weirton-Steubenville, WV-OH Metro Area",50882,32842,24422,8420,2583,5837,18040,15691,2349
48300,310M200US48300,"Wenatchee, WA Metro Area",41264,29146,22788,6358,2205,4153,12118,10043,2075
48540,310M200US48540,"Wheeling, WV-OH Metro Area",59912,37967,29373,8594,2559,6035,21945,19039,2906
48620,310M200US48620,"Wichita, KS Metro Area",242912,159533,119954,39579,11570,28009,83379,71823,11556
48660,310M200US48660,"Wichita Falls, TX Metro Area",55437,36174,26624,9550,2704,6846,19263,16473,2790
48700,310M200US48700,"Williamsport, PA Metro Area",45906,29537,22598,6939,2012,4927,16369,13408,2961
48900,310M200US48900,"Wilmington, NC Metro Area",108533,65424,48521,16903,4700,12203,43109,33319,9790
49020,310M200US49020,"Winchester, VA-WV Metro Area",50257,32371,25238,7133,2013,5120,17886,14924,2962
49180,310M200US49180,"Winston-Salem, NC Metro Area",257656,170293,125417,44876,11664,33212,87363,74362,13001
49340,310M200US49340,"Worcester, MA-CT Metro Area",345452,230544,170666,59878,16549,43329,114908,92270,22638
49420,310M200US49420,"Yakima, WA Metro Area",79972,57541,40521,17020,4982,12038,22431,18302,4129
49620,310M200US49620,"York-Hanover, PA Metro Area",167416,116539,89543,26996,8263,18733,50877,41383,9494
49660,310M200US49660,"Youngstown-Warren-Boardman, OH-PA Metro Area",230164,146502,103962,42540,10774,31766,83662,73409,10253
49700,310M200US49700,"Yuba City, CA Metro Area",57056,41634,29727,11907,4066,7841,15422,11975,3447
49740,310M200US49740,"Yuma, AZ Metro Area",70639,54231,40757,13474,4334,9140,16408,13427,2981
