GEO_ID_2,GEO_ID,MSA,HH_TOT,HH_FAMILY,HH_MAR_FAM,HH_OTHER_FAM,HH_MALE_FAM,HH_FEMALE_FAM,HH_NON_FAMILY,HH_LIVING_ALONE,HH_NOT_LIVING_ALONE
10180,310M100US10180,"Abilene, TX Metro Area",60912,40747,30765,9982,1957,8025,20165,16975,3190
10420,310M100US10420,"Akron, OH Metro Area",284941,183596,137277,46319,11074,35245,101345,84329,17016
10500,310M100US10500,"Albany, GA Metro Area",58366,39336,24553,14783,2259,12524,19030,16785,2245
10580,310M100US10580,"Albany-Schenectady-Troy, NY Metro Area",346139,213800,161926,51874,13798,38076,132339,105226,27113
10740,310M100US10740,"Albuquerque, NM Metro Area",336709,215464,151930,63534,19262,44272,121245,98502,22743
10780,310M100US10780,"Alexandria, LA Metro Area",55534,38326,26886,11440,2166,9274,17208,15074,2134
10900,310M100US10900,"Allentown-Bethlehem-Easton, PA-NJ Metro Area",312520,215755,166453,49302,13142,36160,96765,79890,16875
11020,310M100US11020,"Altoona, PA Metro Area",51651,34060,25851,8209,2351,5858,17591,14837,2754
11100,310M100US11100,"Amarillo, TX Metro Area",90561,61108,45255,15853,4166,11687,29453,24982,4471
11180,310M100US11180,"Ames, IA Metro Area",34227,18575,15650,2925,765,2160,15652,9678,5974
11260,310M100US11260,"Anchorage, AK Metro Area",133676,91429,68775,22654,7612,15042,42247,31633,10614
11300,310M100US11300,"Anderson, IN Metro Area",51436,33572,24458,9114,2546,6568,17864,15246,2618
11340,310M100US11340,"Anderson, SC Metro Area",71973,51466,38440,13026,3407,9619,20507,17715,2792
11460,310M100US11460,"Ann Arbor, MI Metro Area",134161,79138,61848,17290,4507,12783,55023,40736,14287
11500,310M100US11500,"Anniston-Oxford, AL Metro Area",46421,31201,22057,9144,2178,6966,15220,13190,2030
11540,310M100US11540,"Appleton, WI Metro Area",87327,60294,50234,10060,3506,6554,27033,22096,4937
11700,310M100US11700,"Asheville, NC Metro Area",178865,114994,91049,23945,6691,17254,63871,52589,11282
12020,310M100US12020,"Athens-Clarke County, GA Metro Area",67266,40689,29619,11070,2653,8417,26577,18848,7729
12060,310M100US12060,"Atlanta-Sandy Springs-Marietta, GA Metro Area",1874002,1277286,924057,353229,85083,268146,596716,489229,107487
12100,310M100US12100,"Atlantic City-Hammonton, NJ Metro Area",101645,67256,47298,19958,4966,14992,34389,29266,5123
12220,310M100US12220,"Auburn-Opelika, AL Metro Area",54016,32036,23290,8746,1967,6779,21980,16425,5555
12260,310M100US12260,"Augusta-Richmond County, GA-SC Metro Area",203083,140260,96026,44234,9190,35044,62823,54774,8049
12420,310M100US12420,"Austin-Round Rock-San Marcos, TX Metro Area",620073,388214,292775,95439,28521,66918,231859,174729,57130
12540,310M100US12540,"Bakersfield-Delano, CA Metro Area",248057,185559,128781,56778,17835,38943,62498,50098,12400
12580,310M100US12580,"Baltimore-Towson, MD Metro Area",1018225,665999,475901,190098,44655,145443,352226,289365,62861
12620,310M100US12620,"Bangor, ME Metro Area",62282,39470,30858,8612,2364,6248,22812,17075,5737
12700,310M100US12700,"Barnstable Town, MA Metro Area",98164,61766,49824,11942,3210,8732,36398,30425,5973
12940,310M100US12940,"Baton Rouge, LA Metro Area",288358,193430,134074,59356,13101,46255,94928,77600,17328
12980,310M100US12980,"Battle Creek, MI Metro Area",53925,35859,25475,10384,2815,7569,18066,15700,2366
13020,310M100US13020,"Bay City, MI Metro Area",44345,29799,22820,6979,1762,5217,14546,11982,2564
13140,310M100US13140,"Beaumont-Port Arthur, TX Metro Area",141653,97940,68811,29129,6838,22291,43713,37514,6199
13380,310M100US13380,"Bellingham, WA Metro Area",78186,47698,38702,8996,2232,6764,30488,22606,7882
13460,310M100US13460,"Bend, OR Metro Area",63190,43434,35810,7624,2543,5081,19756,14501,5255
13740,310M100US13740,"Billings, MT Metro Area",63895,40841,32725,8116,2102,6014,23054,18202,4852
13780,310M100US13780,"Binghamton, NY Metro Area",101208,64130,47514,16616,4921,11695,37078,30568,6510
13820,310M100US13820,"Birmingham-Hoover, AL Metro Area",432183,293683,211376,82307,17804,64503,138500,120372,18128
13900,310M100US13900,"Bismarck, ND Metro Area",43725,28450,23300,5150,1709,3441,15275,12600,2675
13980,310M100US13980,"Blacksburg-Christiansburg-Radford, VA Metro Area",62034,36693,28531,8162,2097,6065,25341,17551,7790
14020,310M100US14020,"Bloomington, IN Metro Area",72896,41565,32555,9010,2472,6538,31331,23054,8277
14060,310M100US14060,"Bloomington-Normal, IL Metro Area",63145,39223,31317,7906,1974,5932,23922,17833,6089
14260,310M100US14260,"Boise City-Nampa, ID Metro Area",221144,153721,122860,30861,10109,20752,67423,52037,15386
14460,310M100US14460,"Boston-Cambridge-Quincy, MA-NH Metro Area",1735175,1097113,832978,264135,65727,198408,638062,497598,140464
14500,310M100US14500,"Boulder, CO Metro Area",117629,68953,55529,13424,4330,9094,48676,34018,14658
14540,310M100US14540,"Bowling Green, KY Metro Area",46731,30385,23056,7329,1776,5553,16346,12890,3456
14740,310M100US14740,"Bremerton-Silverdale, WA Metro Area",95758,65215,52331,12884,4012,8872,30543,24113,6430
14860,310M100US14860,"Bridgeport-Stamford-Norwalk, CT Metro Area",331782,230561,179336,51225,13237,37988,101221,85151,16070
15180,310M100US15180,"Brownsville-Harlingen, TX Metro Area",113547,91493,63639,27854,5040,22814,22054,19119,2935
15260,310M100US15260,"Brunswick, GA Metro Area",42933,29107,21323,7784,1559,6225,13826,11837,1989
15380,310M100US15380,"Buffalo-Niagara Falls, NY Metro Area",466232,287669,207008,80661,18958,61703,178563,150365,28198
15500,310M100US15500,"Burlington, NC Metro Area",59000,39987,28639,11348,2515,8833,19013,15719,3294
15540,310M100US15540,"Burlington-South Burlington, VT Metro Area",83140,51907,40867,11040,3155,7885,31233,22772,8461
15940,310M100US15940,"Canton-Massillon, OH Metro Area",162409,109045,82318,26727,7025,19702,53364,46084,7280
15980,310M100US15980,"Cape Coral-Fort Myers, FL Metro Area",245751,162925,132210,30715,9042,21673,82826,66107,16719
16020,310M100US16020,"Cape Girardeau-Jackson, MO-IL Metro Area",37747,25245,19098,6147,1588,4559,12502,10348,2154
16180,310M100US16180,"Carson City, NV Metro Area",21467,13558,9868,3690,1157,2533,7909,6581,1328
16220,310M100US16220,"Casper, WY Metro Area",29597,19752,14860,4892,1373,3519,9845,8229,1616
16300,310M100US16300,"Cedar Rapids, IA Metro Area",103740,66972,52853,14119,4209,9910,36768,29692,7076
16580,310M100US16580,"Champaign-Urbana, IL Metro Area",90044,51609,39580,12029,3144,8885,38435,28863,9572
16620,310M100US16620,"Charleston, WV Metro Area",125740,83153,64207,18946,4856,14090,42587,37141,5446
16700,310M100US16700,"Charleston-North Charleston-Summerville, SC Metro Area",245938,160847,114835,46012,10233,35779,85091,68543,16548
16740,310M100US16740,"Charlotte-Gastonia-Rock Hill, NC-SC Metro Area",648431,435147,320132,115015,29735,85280,213284,174174,39110
16820,310M100US16820,"Charlottesville, VA Metro Area",77120,47466,37406,10060,2613,7447,29654,22759,6895
16860,310M100US16860,"Chattanooga, TN-GA Metro Area",206602,139286,104786,34500,8924,25576,67316,57784,9532
16940,310M100US16940,"Cheyenne, WY Metro Area",35790,23771,18049,5722,1939,3783,12019,10157,1862
16980,310M100US16980,"Chicago-Joliet-Naperville, IL-IN-WI Metro Area",3424098,2285447,1672488,612959,159707,453252,1138651,952195,186456
17020,310M100US17020,"Chico, CA Metro Area",85465,52377,39037,13340,3953,9387,33088,24636,8452
17140,310M100US17140,"Cincinnati-Middletown, OH-KY-IN Metro Area",813576,541682,406843,134839,32952,101887,271894,228088,43806
17300,310M100US17300,"Clarksville, TN-KY Metro Area",97792,70712,51678,19034,4146,14888,27080,22484,4596
17420,310M100US17420,"Cleveland, TN Metro Area",43787,30705,24510,6195,1724,4471,13082,10887,2195
17460,310M100US17460,"Cleveland-Elyria-Mentor, OH Metro Area",846121,535574,380460,155114,33764,121350,310547,270316,40231
17660,310M100US17660,"Coeur d'Alene, ID Metro Area",54560,37898,30007,7891,2089,5802,16662,13009,3653
17780,310M100US17780,"College Station-Bryan, TX Metro Area",79087,46743,32942,13801,4219,9582,32344,20874,11470
17820,310M100US17820,"Colorado Springs, CO Metro Area",236155,160190,125027,35163,9402,25761,75965,62592,13373
17860,310M100US17860,"Columbia, MO Metro Area",67276,38872,30365,8507,2079,6428,28404,19335,9069
17900,310M100US17900,"Columbia, SC Metro Area",287784,187576,133088,54488,11210,43278,100208,82928,17280
17980,310M100US17980,"Columbus, GA-AL Metro Area",109062,72307,46586,25721,4414,21307,36755,32161,4594
18020,310M100US18020,"Columbus, IN Metro Area",29856,20814,16498,4316,1247,3069,9042,7172,1870
18140,310M100US18140,"Columbus, OH Metro Area",700135,449672,333983,115689,29925,85764,250463,198748,51715
18580,310M100US18580,"Corpus Christi, TX Metro Area",153704,106714,73543,33171,9298,23873,46990,38977,8013
18700,310M100US18700,"Corvallis, OR Metro Area",33471,19022,15707,3315,1014,2301,14449,9519,4930
18880,310M100US18880,"Crestview-Fort Walton Beach-Destin, FL Metro Area",72442,48826,37773,11053,2997,8056,23616,18859,4757
19060,310M100US19060,"Cumberland, MD-WV Metro Area",40085,25444,19680,5764,1426,4338,14641,12593,2048
19100,310M100US19100,"Dallas-Fort Worth-Arlington, TX Metro Area",2207246,1531456,1131563,399893,108414,291479,675790,558489,117301
19140,310M100US19140,"Dalton, GA Metro Area",48540,35330,26570,8760,3010,5750,13210,10516,2694
19180,310M100US19180,"Danville, IL Metro Area",32236,20659,15059,5600,1532,4068,11577,9841,1736
19260,310M100US19260,"Danville, VA Metro Area",46011,30430,21089,9341,2251,7090,15581,14079,1502
19340,310M100US19340,"Davenport-Moline-Rock Island, IA-IL Metro Area",154067,99444,76625,22819,5982,16837,54623,46086,8537
19380,310M100US19380,"Dayton, OH Metro Area",343101,220656,161371,59285,14478,44807,122445,103704,18741
19460,310M100US19460,"Decatur, AL Metro Area",59787,42975,33185,9790,2604,7186,16812,14768,2044
19500,310M100US19500,"Decatur, IL Metro Area",44947,28514,21772,6742,1897,4845,16433,14452,1981
19660,310M100US19660,"Deltona-Daytona Beach-Ormond Beach, FL Metro Area",200346,126653,97580,29073,8151,20922,73693,61217,12476
19740,310M100US19740,"Denver-Aurora-Broomfield, CO Metro Area",978799,620203,476083,144120,43304,100816,358596,288520,70076
19780,310M100US19780,"Des Moines-West Des Moines, IA Metro Area",219755,145304,114735,30569,8561,22008,74451,60572,13879
19820,310M100US19820,"Detroit-Warren-Livonia, MI Metro Area",1667113,1102281,788582,313699,74947,238752,564832,491164,73668
20020,310M100US20020,"Dothan, AL Metro Area",55411,38300,27975,10325,2106,8219,17111,15272,1839
20100,310M100US20100,"Dover, DE Metro Area",57396,40711,29592,11119,2407,8712,16685,14011,2674
20220,310M100US20220,"Dubuque, IA Metro Area",36787,24605,20089,4516,1376,3140,12182,9984,2198
20260,310M100US20260,"Duluth, MN-WI Metro Area",119423,73214,57168,16046,4942,11104,46209,37199,9010
20500,310M100US20500,"Durham-Chapel Hill, NC Metro Area",195551,120672,87537,33135,8018,25117,74879,58443,16436
20740,310M100US20740,"Eau Claire, WI Metro Area",63463,40225,32444,7781,2175,5606,23238,17423,5815
20940,310M100US20940,"El Centro, CA Metro Area",47304,38146,25572,12574,2551,10023,9158,8053,1105
21060,310M100US21060,"Elizabethtown, KY Metro Area",42431,30733,23620,7113,1884,5229,11698,10021,1677
21140,310M100US21140,"Elkhart-Goshen, IN Metro Area",70035,50376,38426,11950,3809,8141,19659,16256,3403
21300,310M100US21300,"Elmira, NY Metro Area",35418,22962,16739,6223,1454,4769,12456,10572,1884
21340,310M100US21340,"El Paso, TX Metro Area",242943,186687,125488,61199,12562,48637,56256,49027,7229
21500,310M100US21500,"Erie, PA Metro Area",108252,69875,51483,18392,4715,13677,38377,32293,6084
21660,310M100US21660,"Eugene-Springfield, OR Metro Area",143894,86947,66199,20748,6708,14040,56947,40637,16310
21780,310M100US21780,"Evansville, IN-KY Metro Area",142593,94479,73068,21411,5978,15433,48114,41243,6871
21820,310M100US21820,"Fairbanks, AK Metro Area",34596,23642,18759,4883,1472,3411,10954,8483,2471
22020,310M100US22020,"Fargo, ND-MN Metro Area",84600,48919,39317,9602,2506,7096,35681,27138,8543
22140,310M100US22140,"Farmington, NM Metro Area",41767,30952,21500,9452,3487,5965,10815,9286,1529
22180,310M100US22180,"Fayetteville, NC Metro Area",131543,90936,60632,30304,5408,24896,40607,33384,7223
22220,310M100US22220,"Fayetteville-Springdale-Rogers, AR-MO Metro Area",168289,116099,91516,24583,7506,17077,52190,41951,10239
22380,310M100US22380,"Flagstaff, AZ Metro Area",45478,29748,21102,8646,2511,6135,15730,11194,4536
22420,310M100US22420,"Flint, MI Metro Area",168984,110911,77015,33896,7132,26764,58073,50151,7922
22500,310M100US22500,"Florence, SC Metro Area",77441,53420,34981,18439,3883,14556,24021,21125,2896
22520,310M100US22520,"Florence-Muscle Shoals, AL Metro Area",59878,40722,31599,9123,2087,7036,19156,17066,2090
22540,310M100US22540,"Fond du Lac, WI Metro Area",40484,27406,22281,5125,1697,3428,13078,11107,1971
22660,310M100US22660,"Fort Collins-Loveland, CO Metro Area",117415,74324,60833,13491,4151,9340,43091,30621,12470
22900,310M100US22900,"Fort Smith, AR-OK Metro Area",112174,79007,59915,19092,5136,13956,33167,28670,4497
23060,310M100US23060,"Fort Wayne, IN Metro Area",159781,106737,81241,25496,6087,19409,53044,44245,8799
23420,310M100US23420,"Fresno, CA Metro Area",283836,205821,140779,65042,18916,46126,78015,61487,16528
23460,310M100US23460,"Gadsden, AL Metro Area",41584,28868,20990,7878,2348,5530,12716,11654,1062
23540,310M100US23540,"Gainesville, FL Metro Area",103516,56466,39281,17185,4110,13075,47050,33562,13488
23580,310M100US23580,"Gainesville, GA Metro Area",60173,45172,34220,10952,3301,7651,15001,12075,2926
24020,310M100US24020,"Glens Falls, NY Metro Area",53136,35107,27022,8085,2691,5394,18029,14815,3214
24140,310M100US24140,"Goldsboro, NC Metro Area",46280,32101,22711,9390,2019,7371,14179,12174,2005
24220,310M100US24220,"Grand Forks, ND-MN Metro Area",39023,22957,18588,4369,1080,3289,16066,12219,3847
24300,310M100US24300,"Grand Junction, CO Metro Area",57123,37953,30283,7670,2544,5126,19170,15168,4002
24340,310M100US24340,"Grand Rapids-Wyoming, MI Metro Area",291617,199474,152402,47072,12289,34783,92143,74542,17601
24500,310M100US24500,"Great Falls, MT Metro Area",33164,21965,17401,4564,1327,3237,11199,9514,1685
24540,310M100US24540,"Greeley, CO Metro Area",86776,62004,49685,12319,3897,8422,24772,19086,5686
24580,310M100US24580,"Green Bay, WI Metro Area",121653,80745,63588,17157,5115,12042,40908,32862,8046
24660,310M100US24660,"Greensboro-High Point, NC Metro Area",282317,184695,132563,52132,13078,39054,97622,82371,15251
24780,310M100US24780,"Greenville, NC Metro Area",71026,42486,29129,13357,2681,10676,28540,21732,6808
24860,310M100US24860,"Greenville-Mauldin-Easley, SC Metro Area",240864,159700,118826,40874,10028,30846,81164,68864,12300
25060,310M100US25060,"Gulfport-Biloxi, MS Metro Area",88803,61611,42499,19112,4954,14158,27192,22166,5026
25180,310M100US25180,"Hagerstown-Martinsburg, MD-WV Metro Area",101217,68374,52415,15959,4581,11378,32843,27530,5313
25260,310M100US25260,"Hanford-Corcoran, CA Metro Area",40606,31777,23804,7973,2846,5127,8829,7278,1551
25420,310M100US25420,"Harrisburg-Carlisle, PA Metro Area",219490,140552,108815,31737,8017,23720,78938,65535,13403
25500,310M100US25500,"Harrisonburg, VA Metro Area",44666,29103,23144,5959,1953,4006,15563,11015,4548
25540,310M100US25540,"Hartford-West Hartford-East Hartford, CT Metro Area",469052,310244,231455,78789,19215,59574,158808,130317,28491
25620,310M100US25620,"Hattiesburg, MS Metro Area",53213,34553,24657,9896,2331,7565,18660,15026,3634
25860,310M100US25860,"Hickory-Lenoir-Morganton, NC Metro Area",138854,94850,73095,21755,5842,15913,44004,37919,6085
25980,310M100US25980,"Hinesville-Fort Stewart, GA Metro Area",27179,19855,13604,6251,1065,5186,7324,6251,1073
26100,310M100US26100,"Holland-Grand Haven, MI Metro Area",92526,68045,57956,10089,2727,7362,24481,19421,5060
26180,310M100US26180,"Honolulu, HI Metro Area",304827,215363,160505,54858,16457,38401,89464,70960,18504
26300,310M100US26300,"Hot Springs, AR Metro Area",40146,25731,19464,6267,1520,4747,14415,12705,1710
26380,310M100US26380,"Houma-Bayou Cane-Thibodaux, LA Metro Area",72186,52673,38497,14176,3228,10948,19513,15428,4085
26420,310M100US26420,"Houston-Sugar Land-Baytown, TX Metro Area",1966846,1399621,1017362,382259,105340,276919,567225,469041,98184
26580,310M100US26580,"Huntington-Ashland, WV-KY-OH Metro Area",115862,76428,57419,19009,4684,14325,39434,34174,5260
26620,310M100US26620,"Huntsville, AL Metro Area",156592,105658,80771,24887,6160,18727,50934,44323,6611
26820,310M100US26820,"Idaho Falls, ID Metro Area",43139,32767,27143,5624,1519,4105,10372,8657,1715
26900,310M100US26900,"Indianapolis-Carmel, IN Metro Area",661968,439357,325240,114117,28286,85831,222611,184275,38336
26980,310M100US26980,"Iowa City, IA Metro Area",59752,33291,26837,6454,1893,4561,26461,18249,8212
27060,310M100US27060,"Ithaca, NY Metro Area",38446,19798,16231,3567,938,2629,18648,12533,6115
27100,310M100US27100,"Jackson, MI Metro Area",60612,41508,31340,10168,2634,7534,19104,16061,3043
27140,310M100US27140,"Jackson, MS Metro Area",195301,133588,86982,46606,10012,36594,61713,53437,8276
27180,310M100US27180,"Jackson, TN Metro Area",43007,29247,20713,8534,1576,6958,13760,12409,1351
27260,310M100US27260,"Jacksonville, FL Metro Area",503657,334850,244845,90005,21826,68179,168807,137068,31739
27340,310M100US27340,"Jacksonville, NC Metro Area",56633,41731,32041,9690,1957,7733,14902,12115,2787
27500,310M100US27500,"Janesville, WI Metro Area",62598,42852,32331,10521,3216,7305,19746,16479,3267
27620,310M100US27620,"Jefferson City, MO Metro Area",56530,38551,30456,8095,2059,6036,17979,15115,2864
27740,310M100US27740,"Johnson City, TN Metro Area",80644,52505,40320,12185,3345,8840,28139,23318,4821
27780,310M100US27780,"Johnstown, PA Metro Area",58802,38530,29753,8777,2353,6424,20272,17953,2319
27860,310M100US27860,"Jonesboro, AR Metro Area",45409,30995,22516,8479,1667,6812,14414,11777,2637
27900,310M100US27900,"Joplin, MO Metro Area",66123,45283,34525,10758,2992,7766,20840,16966,3874
28020,310M100US28020,"Kalamazoo-Portage, MI Metro Area",128552,80425,60711,19714,5384,14330,48127,37429,10698
28100,310M100US28100,"Kankakee-Bradley, IL Metro Area",40943,28243,20097,8146,2114,6032,12700,10493,2207
28140,310M100US28140,"Kansas City, MO-KS Metro Area",789432,523744,396288,127456,33521,93935,265688,222289,43399
28420,310M100US28420,"Kennewick-Pasco-Richland, WA Metro Area",83460,60076,46332,13744,4352,9392,23384,19475,3909
28660,310M100US28660,"Killeen-Temple-Fort Hood, TX Metro Area",129226,94204,68367,25837,5437,20400,35022,29503,5519
28700,310M100US28700,"Kingsport-Bristol-Bristol, TN-VA Metro Area",130522,89608,68997,20611,5475,15136,40914,35945,4969
28740,310M100US28740,"Kingston, NY Metro Area",70691,45201,34437,10764,2731,8033,25490,20267,5223
28940,310M100US28940,"Knoxville, TN Metro Area",283776,182293,143111,39182,9645,29537,101483,86664,14819
29020,310M100US29020,"Kokomo, IN Metro Area",40981,28087,21790,6297,1706,4591,12894,11097,1797
29100,310M100US29100,"La Crosse, WI-MN Metro Area",53271,32865,26613,6252,2116,4136,20406,15727,4679
29140,310M100US29140,"Lafayette, IN Metro Area",75684,45163,35085,10078,2840,7238,30521,21403,9118
29180,310M100US29180,"Lafayette, LA Metro Area",102741,66976,46757,20219,4494,15725,35765,29200,6565
29340,310M100US29340,"Lake Charles, LA Metro Area",74264,51483,37263,14220,3403,10817,22781,19223,3558
29420,310M100US29420,"Lake Havasu City-Kingman, AZ Metro Area",80361,53407,41808,11599,3782,7817,26954,21399,5555
29460,310M100US29460,"Lakeland-Winter Haven, FL Metro Area",223689,157222,118654,38568,9945,28623,66467,53924,12543
29540,310M100US29540,"Lancaster, PA Metro Area",191474,135716,111290,24426,6928,17498,55758,45453,10305
29620,310M100US29620,"Lansing-East Lansing, MI Metro Area",180402,112894,86404,26490,6783,19707,67508,52868,14640
29700,310M100US29700,"Laredo, TX Metro Area",64714,53860,35280,18580,3849,14731,10854,9096,1758
29740,310M100US29740,"Las Cruces, NM Metro Area",71748,50020,35259,14761,3374,11387,21728,16909,4819
29820,310M100US29820,"Las Vegas-Paradise, NV Metro Area",695701,457592,322944,134648,44941,89707,238109,179593,58516
29940,310M100US29940,"Lawrence, KS Metro Area",42943,23335,17979,5356,1293,4063,19608,12426,7182
30020,310M100US30020,"Lawton, OK Metro Area",43757,30269,20665,9604,2217,7387,13488,11219,2269
30140,310M100US30140,"Lebanon, PA Metro Area",51543,35797,28552,7245,2229,5016,15746,13002,2744
30300,310M100US30300,"Lewiston, ID-WA Metro Area",25140,16053,12356,3697,1190,2507,9087,7553,1534
30340,310M100US30340,"Lewiston-Auburn, ME Metro Area",44040,28250,21215,7035,2190,4845,15790,12237,3553
30460,310M100US30460,"Lexington-Fayette, KY Metro Area",188309,118564,87652,30912,8064,22848,69745,54769,14976
30620,310M100US30620,"Lima, OH Metro Area",40719,27769,20638,7131,1537,5594,12950,11321,1629
30700,310M100US30700,"Lincoln, NE Metro Area",118327,73828,58395,15433,4443,10990,44499,34091,10408
30780,310M100US30780,"Little Rock-North Little Rock-Conway, AR Metro Area",270040,180045,130810,49235,11019,38216,89995,76150,13845
30860,310M100US30860,"Logan, UT-ID Metro Area",37900,28853,25107,3746,1071,2675,9047,6268,2779
30980,310M100US30980,"Longview, TX Metro Area",77643,54663,41098,13565,3724,9841,22980,19900,3080
31020,310M100US31020,"Longview, WA Metro Area",39441,26969,20559,6410,1964,4446,12472,9997,2475
31100,310M100US31100,"Los Angeles-Long Beach-Santa Ana, CA Metro Area",4202392,2869560,1998932,870628,267384,603244,1332832,1040711,292121
31140,310M100US31140,"Louisville/Jefferson County, KY-IN Metro Area",501115,330402,241472,88930,21390,67540,170713,145091,25622
31180,310M100US31180,"Lubbock, TX Metro Area",104314,66460,47909,18551,4512,14039,37854,28453,9401
31340,310M100US31340,"Lynchburg, VA Metro Area",98494,66258,50423,15835,3894,11941,32236,26831,5405
31420,310M100US31420,"Macon, GA Metro Area",84407,56071,38336,17735,3351,14384,28336,24192,4144
31460,310M100US31460,"Madera-Chowchilla, CA Metro Area",42089,32768,24475,8293,2621,5672,9321,7915,1406
31540,310M100US31540,"Madison, WI Metro Area",229033,136215,110036,26179,8027,18152,92818,70023,22795
31700,310M100US31700,"Manchester-Nashua, NH Metro Area",153120,104907,81860,23047,6972,16075,48213,36785,11428
31740,310M100US31740,"Manhattan, KS Metro Area",43981,27134,21891,5243,1066,4177,16847,11949,4898
31860,310M100US31860,"Mankato-North Mankato, MN Metro Area",36039,21920,17673,4247,1340,2907,14119,9431,4688
31900,310M100US31900,"Mansfield, OH Metro Area",48557,32844,25388,7456,1595,5861,15713,13791,1922
32580,310M100US32580,"McAllen-Edinburg-Mission, TX Metro Area",205971,170503,120654,49849,8950,40899,35468,30380,5088
32780,310M100US32780,"Medford, OR Metro Area",83333,53903,41491,12412,3396,9016,29430,23556,5874
32820,310M100US32820,"Memphis, TN-MS-AR Metro Area",476388,324570,206376,118194,25057,93137,151818,130098,21720
32900,310M100US32900,"Merced, CA Metro Area",73586,57613,40546,17067,5245,11822,15973,12851,3122
33100,310M100US33100,"Miami-Fort Lauderdale-Pompano Beach, FL Metro Area",2019604,1317377,911473,405904,104332,301572,702227,573713,128514
33140,310M100US33140,"Michigan City-La Porte, IN Metro Area",42090,28581,21538,7043,1876,5167,13509,11675,1834
33260,310M100US33260,"Midland, TX Metro Area",49122,35366,26833,8533,2042,6491,13756,11886,1870
33340,310M100US33340,"Milwaukee-Waukesha-West Allis, WI Metro Area",615847,389825,282279,107546,25426,82120,226022,184961,41061
33460,310M100US33460,"Minneapolis-St. Paul-Bloomington, MN-WI Metro Area",1264311,818942,642534,176408,50769,125639,445369,353495,91874
33540,310M100US33540,"Missoula, MT Metro Area",44172,25485,19874,5611,2111,3500,18687,13184,5503
33660,310M100US33660,"Mobile, AL Metro Area",153302,104324,70650,33674,6654,27020,48978,42616,6362
33700,310M100US33700,"Modesto, CA Metro Area",163841,122255,87988,34267,11295,22972,41586,32927,8659
33740,310M100US33740,"Monroe, LA Metro Area",64501,43817,29660,14157,2700,11457,20684,18754,1930
33780,310M100US33780,"Monroe, MI Metro Area",58298,42178,33859,8319,2322,5997,16120,13552,2568
33860,310M100US33860,"Montgomery, AL Metro Area",140457,95640,64454,31186,6179,25007,44817,39426,5391
34060,310M100US34060,"Morgantown, WV Metro Area",47923,27788,22420,5368,1624,3744,20135,15513,4622
34100,310M100US34100,"Morristown, TN Metro Area",52671,36306,28425,7881,2239,5642,16365,14090,2275
34580,310M100US34580,"Mount Vernon-Anacortes, WA Metro Area",45253,30896,24368,6528,2062,4466,14357,11641,2716
34620,310M100US34620,"Muncie, IN Metro Area",46212,28341,20749,7592,2262,5330,17871,13486,4385
34740,310M100US34740,"Muskegon-Norton Shores, MI Metro Area",65778,45366,32935,12431,3092,9339,20412,17401,3011
34820,310M100US34820,"Myrtle Beach-North Myrtle Beach-Conway, SC Metro Area",112057,73100,54026,19074,5065,14009,38957,29069,9888
34900,310M100US34900,"Napa, CA Metro Area",49179,32917,25926,6991,2344,4647,16262,12890,3372
34940,310M100US34940,"Naples-Marco Island, FL Metro Area",119517,81135,67891,13244,3901,9343,38382,32485,5897
34980,310M100US34980,"Nashville-Davidson--Murfreesboro--Franklin, TN Metro Area",597128,396220,296745,99475,24811,74664,200908,163015,37893
35300,310M100US35300,"New Haven-Milford, CT Metro Area",330785,217115,156740,60375,13283,47092,113670,93926,19744
35380,310M100US35380,"New Orleans-Metairie-Kenner, LA Metro Area",416300,272306,184750,87556,21465,66091,143994,119959,24035
35620,310M100US35620,"New York-Northern New Jersey-Long Island, NY-NJ-PA Metro Area",6809482,4522909,3161861,1361048,334167,1026881,2286573,1902864,383709
35660,310M100US35660,"Niles-Benton Harbor, MI Metro Area",62612,41557,31303,10254,2313,7941,21055,18316,2739
35840,310M100US35840,"North Port-Bradenton-Sarasota, FL Metro Area",300209,188229,150233,37996,10356,27640,111980,93635,18345
35980,310M100US35980,"Norwich-New London, CT Metro Area",106590,70842,54605,16237,4422,11815,35748,28725,7023
36100,310M100US36100,"Ocala, FL Metro Area",133966,91513,71741,19772,4982,14790,42453,35467,6986
36140,310M100US36140,"Ocean City, NJ Metro Area",45420,29903,22534,7369,2379,4990,15517,13220,2297
36220,310M100US36220,"Odessa, TX Metro Area",47653,33389,23322,10067,2692,7375,14264,11939,2325
36260,310M100US36260,"Ogden-Clearfield, UT Metro Area",170977,132834,109330,23504,7044,16460,38143,31394,6749
36420,310M100US36420,"Oklahoma City, OK Metro Area",471209,309578,231610,77968,20887,57081,161631,133677,27954
36500,310M100US36500,"Olympia, WA Metro Area",98491,65272,50506,14766,3836,10930,33219,25687,7532
36540,310M100US36540,"Omaha-Council Bluffs, NE-IA Metro Area",327950,217206,167557,49649,13850,35799,110744,90495,20249
36740,310M100US36740,"Orlando-Kissimmee-Sanford, FL Metro Area",768754,521311,379346,141965,36709,105256,247443,189374,58069
36780,310M100US36780,"Oshkosh-Neenah, WI Metro Area",66694,40637,32479,8158,2505,5653,26057,20123,5934
36980,310M100US36980,"Owensboro, KY Metro Area",44614,30253,22964,7289,1789,5500,14361,12783,1578
37100,310M100US37100,"Oxnard-Thousand Oaks-Ventura, CA Metro Area",264305,195579,149872,45707,14223,31484,68726,53837,14889
37340,310M100US37340,"Palm Bay-Melbourne-Titusville, FL Metro Area",220871,145109,113553,31556,9098,22458,75762,62906,12856
37380,310M100US37380,"Palm Coast, FL Metro Area",36182,26102,21513,4589,1021,3568,10080,8445,1635
37460,310M100US37460,"Panama City-Lynn Haven-Panama City Beach, FL Metro Area",68807,44480,33412,11068,3049,8019,24327,19398,4929
37620,310M100US37620,"Parkersburg-Marietta-Vienna, WV-OH Metro Area",66550,44328,35283,9045,2387,6658,22222,19163,3059
37700,310M100US37700,"Pascagoula, MS Metro Area",56995,41358,30232,11126,3032,8094,15637,13172,2465
37860,310M100US37860,"Pensacola-Ferry Pass-Brent, FL Metro Area",168173,114485,83344,31141,7423,23718,53688,43727,9961
37900,310M100US37900,"Peoria, IL Metro Area",150501,99476,77164,22312,5295,17017,51025,43886,7139
37980,310M100US37980,"Philadelphia-Camden-Wilmington, PA-NJ-DE-MD Metro Area",2216763,1449284,1043389,405895,99547,306348,767479,643936,123543
38060,310M100US38060,"Phoenix-Mesa-Glendale, AZ Metro Area",1500828,1000063,748064,251999,78994,173005,500765,392022,108743
38220,310M100US38220,"Pine Bluff, AR Metro Area",35414,23868,15753,8115,1283,6832,11546,10379,1167
38300,310M100US38300,"Pittsburgh, PA Metro Area",985385,619201,474188,145013,36373,108640,366184,313719,52465
38340,310M100US38340,"Pittsfield, MA Metro Area",55623,33202,24392,8810,2409,6401,22421,19304,3117
38540,310M100US38540,"Pocatello, ID Metro Area",32458,22356,18044,4312,1183,3129,10102,8106,1996
38860,310M100US38860,"Portland-South Portland-Biddeford, ME Metro Area",211636,135937,107977,27960,7859,20101,75699,58445,17254
38900,310M100US38900,"Portland-Vancouver-Hillsboro, OR-WA Metro Area",850849,540749,417872,122877,35364,87513,310100,237584,72516
38940,310M100US38940,"Port St. Lucie, FL Metro Area",162306,108932,85134,23798,7073,16725,53374,44413,8961
39100,310M100US39100,"Poughkeepsie-Newburgh-Middletown, NY Metro Area",231331,164000,127855,36145,10917,25228,67331,54990,12341
39140,310M100US39140,"Prescott, AZ Metro Area",89109,56321,45468,10853,3115,7738,32788,26790,5998
39300,310M100US39300,"Providence-New Bedford-Fall River, RI-MA Metro Area",621094,400698,290244,110454,26942,83512,220396,181228,39168
39340,310M100US39340,"Provo-Orem, UT Metro Area",138665,112285,97530,14755,4101,10654,26380,17664,8716
39380,310M100US39380,"Pueblo, CO Metro Area",61418,40247,28660,11587,3099,8488,21171,18074,3097
39460,310M100US39460,"Punta Gorda, FL Metro Area",71991,48044,39661,8383,2633,5750,23947,20117,3830
39540,310M100US39540,"Racine, WI Metro Area",75546,50561,38187,12374,3313,9061,24985,21088,3897
39580,310M100US39580,"Raleigh-Cary, NC Metro Area",407344,273490,213966,59524,14954,44570,133854,108445,25409
39660,310M100US39660,"Rapid City, SD Metro Area",49653,32950,25341,7609,1938,5671,16703,13292,3411
39740,310M100US39740,"Reading, PA Metro Area",153307,106995,81567,25428,7320,18108,46312,37484,8828
39820,310M100US39820,"Redding, CA Metro Area",69100,45805,34197,11608,3380,8228,23295,19296,3999
39900,310M100US39900,"Reno-Sparks, NV Metro Area",162623,103011,76271,26740,8413,18327,59612,45716,13896
40060,310M100US40060,"Richmond, VA Metro Area",471958,314799,228087,86712,19845,66867,157159,129501,27658
40140,310M100US40140,"Riverside-San Bernardino-Ontario, CA Metro Area",1263031,949542,694060,255482,78778,176704,313489,247591,65898
40220,310M100US40220,"Roanoke, VA Metro Area",128818,83199,62338,20861,4887,15974,45619,39189,6430
40340,310M100US40340,"Rochester, MN Metro Area",72166,48829,40840,7989,2491,5498,23337,19279,4058
40380,310M100US40380,"Rochester, NY Metro Area",410637,263731,195230,68501,16791,51710,146906,118832,28074
40420,310M100US40420,"Rockford, IL Metro Area",130374,88824,66462,22362,5498,16864,41550,35181,6369
40580,310M100US40580,"Rocky Mount, NC Metro Area",59363,39902,26900,13002,2802,10200,19461,17444,2017
40660,310M100US40660,"Rome, GA Metro Area",34977,24356,17843,6513,1786,4727,10621,9171,1450
40900,310M100US40900,"Sacramento--Arden-Arcade--Roseville, CA Metro Area",775432,517461,380169,137292,40017,97275,257971,197457,60514
40980,310M100US40980,"Saginaw-Saginaw Township North, MI Metro Area",76764,51118,36706,14412,3052,11360,25646,21862,3784
41060,310M100US41060,"St. Cloud, MN Metro Area",71351,46838,38257,8581,3067,5514,24513,17433,7080
41100,310M100US41100,"St. George, UT Metro Area",45895,35313,30618,4695,1496,3199,10582,8462,2120
41140,310M100US41140,"St. Joseph, MO-KS Metro Area",47630,31295,24005,7290,2174,5116,16335,13577,2758
41180,310M100US41180,"St. Louis, MO-IL Metro Area",1106719,728433,535709,192724,45238,147486,378286,318704,59582
41420,310M100US41420,"Salem, OR Metro Area",140463,96240,73504,22736,6041,16695,44223,35656,8567
41500,310M100US41500,"Salinas, CA Metro Area",124963,89606,65368,24238,8738,15500,35357,27554,7803
41540,310M100US41540,"Salisbury, MD Metro Area",44629,28689,19674,9015,2428,6587,15940,11869,4071
41620,310M100US41620,"Salt Lake City, UT Metro Area",366393,260590,207031,53559,16484,37075,105803,82365,23438
41660,310M100US41660,"San Angelo, TX Metro Area",42084,28202,20877,7325,1794,5531,13882,11617,2265
41700,310M100US41700,"San Antonio-New Braunfels, TX Metro Area",726502,507377,366083,141294,34657,106637,219125,184243,34882
41740,310M100US41740,"San Diego-Carlsbad-San Marcos, CA Metro Area",1061789,703747,527143,176604,52334,124270,358042,266382,91660
41780,310M100US41780,"Sandusky, OH Metro Area",31855,21379,16925,4454,1170,3284,10476,9036,1440
41860,310M100US41860,"San Francisco-Oakland-Fremont, CA Metro Area",1594554,984779,740596,244183,73208,170975,609775,470938,138837
41940,310M100US41940,"San Jose-Sunnyvale-Santa Clara, CA Metro Area",613559,434720,337573,97147,32605,64542,178839,139811,39028
42020,310M100US42020,"San Luis Obispo-Paso Robles, CA Metro Area",102434,64250,50556,13694,4519,9175,38184,26841,11343
42060,310M100US42060,"Santa Barbara-Santa Maria-Goleta, CA Metro Area",141793,91108,69281,21827,6846,14981,50685,36234,14451
42100,310M100US42100,"Santa Cruz-Watsonville, CA Metro Area",93802,58957,44622,14335,4286,10049,34845,24517,10328
42140,310M100US42140,"Santa Fe, NM Metro Area",60144,35757,26300,9457,2643,6814,24387,19733,4654
42220,310M100US42220,"Santa Rosa-Petaluma, CA Metro Area",184033,116699,88656,28043,9421,18622,67334,51122,16212
42340,310M100US42340,"Savannah, GA Metro Area",128396,84337,59234,25103,5225,19878,44059,35290,8769
42540,310M100US42540,"Scranton--Wilkes-Barre, PA Metro Area",228196,147130,107694,39436,11018,28418,81066,70336,10730
42660,310M100US42660,"Seattle-Tacoma-Bellevue, WA Metro Area",1341462,834637,646509,188128,57714,130414,506825,392827,113998
42680,310M100US42680,"Sebastian-Vero Beach, FL Metro Area",57560,37314,29801,7513,2096,5417,20246,16929,3317
43100,310M100US43100,"Sheboygan, WI Metro Area",46572,30785,25605,5180,1646,3534,15787,13147,2640
43300,310M100US43300,"Sherman-Denison, TX Metro Area",45545,31768,24068,7700,2211,5489,13777,11469,2308
43340,310M100US43340,"Shreveport-Bossier City, LA Metro Area",150600,97195,63221,33974,7081,26893,53405,47019,6386
43580,310M100US43580,"Sioux City, IA-NE-SD Metro Area",54208,36880,27932,8948,2918,6030,17328,14490,2838
43620,310M100US43620,"Sioux Falls, SD Metro Area",86818,58142,46099,12043,3133,8910,28676,23480,5196
43780,310M100US43780,"South Bend-Mishawaka, IN-MI Metro Area",120741,79699,59989,19710,4600,15110,41042,34948,6094
43900,310M100US43900,"Spartanburg, SC Metro Area",106397,74223,55118,19105,4555,14550,32174,28431,3743
44060,310M100US44060,"Spokane, WA Metro Area",184590,117689,90161,27528,7531,19997,66901,53021,13880
44100,310M100US44100,"Springfield, IL Metro Area",87024,54826,40861,13965,3547,10418,32198,27415,4783
44140,310M100US44140,"Springfield, MA Metro Area",266784,168159,117853,50306,11586,38720,98625,80209,18416
44180,310M100US44180,"Springfield, MO Metro Area",172468,113220,88781,24439,7320,17119,59248,47787,11461
44220,310M100US44220,"Springfield, OH Metro Area",55145,36684,27101,9583,2373,7210,18461,15482,2979
44300,310M100US44300,"State College, PA Metro Area",54971,31564,26736,4828,1592,3236,23407,15506,7901
44600,310M100US44600,"Steubenville-Weirton, OH-WV Metro Area",52250,34474,25993,8481,2341,6140,17776,15605,2171
44700,310M100US44700,"Stockton, CA Metro Area",212905,158997,111916,47081,15108,31973,53908,42394,11514
44940,310M100US44940,"Sumter, SC Metro Area",38856,26744,17425,9319,1808,7511,12112,10633,1479
45060,310M100US45060,"Syracuse, NY Metro Area",256142,162453,119642,42811,10735,32076,93689,75711,17978
45220,310M100US45220,"Tallahassee, FL Metro Area",141390,82324,57115,25209,5803,19406,59066,42570,16496
45300,310M100US45300,"Tampa-St. Petersburg-Clearwater, FL Metro Area",1123163,698563,516161,182402,48225,134177,424600,345570,79030
45460,310M100US45460,"Terre Haute, IN Metro Area",65424,42352,32522,9830,2407,7423,23072,18948,4124
45500,310M100US45500,"Texarkana, TX-Texarkana, AR Metro Area",50150,34423,24451,9972,2310,7662,15727,14108,1619
45780,310M100US45780,"Toledo, OH Metro Area",261914,166319,119501,46818,11869,34949,95595,78627,16968
45820,310M100US45820,"Topeka, KS Metro Area",95272,63403,47500,15903,4340,11563,31869,27218,4651
45940,310M100US45940,"Trenton-Ewing, NJ Metro Area",129213,87385,63778,23607,5730,17877,41828,34523,7305
46060,310M100US46060,"Tucson, AZ Metro Area",381880,237380,173975,63405,17054,46351,144500,117768,26732
46140,310M100US46140,"Tulsa, OK Metro Area",361758,241646,181983,59663,16552,43111,120112,101779,18333
46220,310M100US46220,"Tuscaloosa, AL Metro Area",78540,49114,34861,14253,2716,11537,29426,23799,5627
46340,310M100US46340,"Tyler, TX Metro Area",76427,53113,39752,13361,3193,10168,23314,19984,3330
46540,310M100US46540,"Utica-Rome, NY Metro Area",118349,76949,57254,19695,5093,14602,41400,34637,6763
46660,310M100US46660,"Valdosta, GA Metro Area",49266,33916,22788,11128,2607,8521,15350,12025,3325
46700,310M100US46700,"Vallejo-Fairfield, CA Metro Area",139011,99907,73073,26834,7048,19786,39104,30961,8143
47020,310M100US47020,"Victoria, TX Metro Area",42808,30961,22456,8505,2261,6244,11847,10179,1668
47220,310M100US47220,"Vineland-Millville-Bridgeton, NJ Metro Area",50825,35210,23044,12166,3281,8885,15615,13313,2302
47260,310M100US47260,"Virginia Beach-Norfolk-Newport News, VA-NC Metro Area",620833,423423,304740,118683,26762,91921,197410,160288,37122
47300,310M100US47300,"Visalia-Porterville, CA Metro Area",126664,99932,70820,29112,9854,19258,26732,22031,4701
47380,310M100US47380,"Waco, TX Metro Area",82998,55570,39114,16456,3662,12794,27428,22076,5352
47580,310M100US47580,"Warner Robins, GA Metro Area",50199,34908,25346,9562,2266,7296,15291,13037,2254
47900,310M100US47900,"Washington-Arlington-Alexandria, DC-VA-MD-WV Metro Area",2014467,1309929,976334,333595,86049,247546,704538,567770,136768
47940,310M100US47940,"Waterloo-Cedar Falls, IA Metro Area",66261,42691,33556,9135,2318,6817,23570,18216,5354
48140,310M100US48140,"Wausau, WI Metro Area",52708,36328,30104,6224,2417,3807,16380,13235,3145
48300,310M100US48300,"Wenatchee-East Wenatchee, WA Metro Area",40478,28286,22688,5598,1623,3975,12192,9827,2365
48540,310M100US48540,"Wheeling, WV-OH Metro Area",61851,40556,31150,9406,2532,6874,21295,18842,2453
48620,310M100US48620,"Wichita, KS Metro Area",237351,158205,120081,38124,10729,27395,79146,67422,11724
48660,310M100US48660,"Wichita Falls, TX Metro Area",56415,37851,28465,9386,2175,7211,18564,15359,3205
48700,310M100US48700,"Williamsport, PA Metro Area",46612,31313,24046,7267,2132,5135,15299,12479,2820
48900,310M100US48900,"Wilmington, NC Metro Area",149297,94264,72065,22199,5904,16295,55033,43449,11584
49020,310M100US49020,"Winchester, VA-WV Metro Area",48534,32544,24895,7649,2253,5396,15990,13150,2840
49180,310M100US49180,"Winston-Salem, NC Metro Area",186111,123967,92527,31440,7260,24180,62144,54681,7463
49340,310M100US49340,"Worcester, MA Metro Area",298162,201905,154068,47837,12623,35214,96257,78576,17681
49420,310M100US49420,"Yakima, WA Metro Area",79075,58284,40605,17679,5814,11865,20791,16451,4340
49620,310M100US49620,"York-Hanover, PA Metro Area",166600,118102,94049,24053,6975,17078,48498,39395,9103
49660,310M100US49660,"Youngstown-Warren-Boardman, OH-PA Metro Area",232168,151238,111163,40075,9484,30591,80930,70838,10092
49700,310M100US49700,"Yuba City, CA Metro Area",55123,40453,29743,10710,3151,7559,14670,11627,3043
49740,310M100US49740,"Yuma, AZ Metro Area",69563,53470,39367,14103,3984,10119,16093,12805,3288
